11
0.00000000160000
0.00000000160000
0.00000000320000
0.00000000320000
0.00000000320000
0.00000000160000
0.00000000160000
-0.00000000320000
0.00000002560000
-0.00000002880000
0.00000000480000
0.00000000160000
0.00000000160000
0.00000000320000
0.00000000320000
0.00000000320000
0.00000000160000
0.00000000160000
-0.00000000320000
0.00000002560000
-0.00000002880000
0.00000000480000
0.00000000320000
0.00000000320000
0.00000000640000
0.00000000640000
0.00000000640000
0.00000000320000
0.00000000320000
-0.00000000640000
0.00000005120000
-0.00000005760000
0.00000000960000
0.00000000320000
0.00000000320000
0.00000000640000
0.00000000640000
0.00000000640000
0.00000000320000
0.00000000320000
-0.00000000640000
0.00000005120000
-0.00000005760000
0.00000000960000
0.00000000320000
0.00000000320000
0.00000000640000
0.00000000640000
0.00000000640000
0.00000000320000
0.00000000320000
-0.00000000640000
0.00000005120000
-0.00000005760000
0.00000000960000
0.00000000160000
0.00000000160000
0.00000000320000
0.00000000320000
0.00000000320000
0.00000000160000
0.00000000160000
-0.00000000320000
0.00000002560000
-0.00000002880000
0.00000000480000
0.00000000160000
0.00000000160000
0.00000000320000
0.00000000320000
0.00000000320000
0.00000000160000
0.00000000160000
-0.00000000320000
0.00000002560000
-0.00000002880000
0.00000000480000
-0.00000000320000
-0.00000000320000
-0.00000000640000
-0.00000000640000
-0.00000000640000
-0.00000000320000
-0.00000000320000
0.00000000640000
-0.00000005120000
0.00000005760000
-0.00000000960000
0.00000002560000
0.00000002560000
0.00000005120000
0.00000005120000
0.00000005120000
0.00000002560000
0.00000002560000
-0.00000005120000
0.00000040960000
-0.00000046080000
0.00000007680000
-0.00000002880000
-0.00000002880000
-0.00000005760000
-0.00000005760000
-0.00000005760000
-0.00000002880000
-0.00000002880000
0.00000005760000
-0.00000046080000
0.00000051840000
-0.00000008640000
0.00000000480000
0.00000000480000
0.00000000960000
0.00000000960000
0.00000000960000
0.00000000480000
0.00000000480000
-0.00000000960000
0.00000007680000
-0.00000008640000
0.00000001440000
